generation_number,fitness_call,cpu_time
22,28600,0.006384000000000611
22,28600,0.006029000000001616
17,22100,0.006018000000000967
16,20800,0.005971000000002391
23,29900,0.0063640000000013686
21,27300,0.0060789999999997235
19,24700,0.005986000000000047
20,26000,0.006181000000001546
20,26000,0.0060189999999948895
22,28600,0.006283000000003369
21,27300,0.006220999999996479
25,32500,0.006008000000001346
21,27300,0.006220999999996479
24,31200,0.006024000000003582
22,28600,0.00629700000000355
29,37700,0.00600700000000387
20,26000,0.006042000000000769
22,28600,0.006437999999995725
21,27300,0.006047000000002356
