generation_number,fitness_call,cpu_time
20,13200,0.0030919999999952097
21,13860,0.0031089999999949214
18,11880,0.003171999999992181
18,11880,0.003089000000002784
21,13860,0.003107999999997446
17,11220,0.0030959999999993215
16,10560,0.003061000000002423
21,13860,0.003064999999992324
17,11220,0.003131000000010431
15,9900,0.003112999999999033
19,12540,0.003076000000007184
22,14520,0.00333299999999781
20,13200,0.003309999999999036
19,12540,0.0033450000000101454
20,13200,0.003272999999992976
17,11220,0.003153999999994994
17,11220,0.0032519999999891525
21,13860,0.003227000000009639
21,13860,0.0035890000000051714
