generation_number,fitness_call,cpu_time
20,6800,0.0006050000000001887
20,6800,0.0006070000000004683
18,6120,0.0006339999999998014
17,5780,0.000668000000000113
19,6460,0.0007469999999996091
15,5100,0.0006889999999994956
21,7140,0.0006230000000000402
18,6120,0.0006349999999999412
17,5780,0.0006140000000005585
15,5100,0.0006139999999996704
18,6120,0.0006550000000000722
20,6800,0.0006289999999999907
18,6120,0.0006310000000002702
14,4760,0.0006330000000005498
14,4760,0.0006209999999997606
20,6800,0.0006219999999999004
18,6120,0.0006370000000002207
17,5780,0.0006339999999998014
19,6460,0.0007159999999997169
