generation_number,fitness_call,cpu_time
21,8400,0.0006170000000000897
25,10000,0.00050400000000006
19,7600,0.0005189999999999362
22,8800,0.0005340000000000344
18,7200,0.0005570000000001407
21,8400,0.0005049999999999777
21,8400,0.0005159999999999609
19,7600,0.0005100000000000104
20,8000,0.000536000000000092
18,7200,0.0005070000000000352
20,8000,0.0004969999999999697
22,8800,0.0005519999999998859
23,9200,0.0005150000000000432
22,8800,0.0005129999999999857
22,8800,0.0005139999999999034
20,8000,0.0005139999999999034
21,8400,0.0005349999999999522
20,8000,0.0005110000000001502
22,8800,0.0005029999999999202
