generation_number,fitness_call,cpu_time
14,9240,0.003479999999996153
18,11880,0.003588000000007696
19,12540,0.00354999999998995
18,11880,0.003568000000001348
19,12540,0.0036589999999989686
18,11880,0.0034870000000069012
14,9240,0.0035069999999990387
16,10560,0.00347200000000214
16,10560,0.003585999999998535
14,9240,0.003528000000002862
19,12540,0.003551000000001636
19,12540,0.003494000000003439
16,10560,0.003692999999998392
17,11220,0.003504000000006613
20,13200,0.003507999999996514
17,11220,0.003700999999992405
21,13860,0.0033999999999991815
16,10560,0.0034750000000087766
14,9240,0.0034689999999955035
