generation_number,fitness_call,cpu_time
24,36000,0.00798399999999333
18,27000,0.007846000000000686
17,25500,0.00789300000000992
22,33000,0.008184999999997444
24,36000,0.007785999999995852
23,34500,0.007717999999997005
19,28500,0.007835999999997512
21,31500,0.007766000000003714
22,33000,0.008202999999994631
26,39000,0.0078029999999955635
22,33000,0.00797299999999268
23,34500,0.00822500000001014
21,31500,0.007692000000005805
21,31500,0.008001999999990517
18,27000,0.009152999999997746
16,24000,0.007826999999991813
19,28500,0.008217999999999392
20,30000,0.00791900000000112
20,30000,0.007851999999999748
21,31500,0.008156999999997083
